3 3 3 1 3 3 1 1 3 1 1 3 3 3 1 3
3 3 3 3 3 2 3 1 1 3 1 1 3 2 3 1
1 3 3 3 3 S 2 3 1 1 3 1 1 3 3 3
3 1 3 3 2 2 2 3 2 1 1 S 1 1 2 2
2 3 1 3 2 2 2 S 3 3 1 1 2 1 1 2
S 2 3 2 3 3 2 2 S S 3 1 1 3 1 1
1 2 S 3 1 3 3 2 2 2 S 2 1 1 3 1
1 1 2 2 3 1 3 3 2 2 2 3 3 1 1 2
3 1 1 2 S 3 1 3 3 2 2 2 2 2 1 1
1 S 1 1 2 2 3 1 3 3 2 2 S 2 3 1
1 1 2 1 1 2 S 3 1 3 3 2 2 S S 3
3 1 1 S 1 1 2 2 3 1 3 3 2 2 2 3
2 3 1 1 2 1 1 2 2 3 1 3 2 2 2 S
2 2 2 1 1 3 1 1 2 2 3 1 3 3 2 2
2 2 2 2 1 1 3 1 1 2 2 3 1 3 2 2
2 2 2 2 2 1 1 2 1 1 2 2 3 1 3 3